0.004346041739015
0.030872200251715
0.192104644864084
0.560716943199276
0.328945796772497
0.36145328032586
0.569888414182052
0.357509907027686
0.53998921643849
0.268368060103587
0.101970505653816
2.41185452328724
2.08658919713229
1.49871931804304
0.7855279180407
0.039167370463088
0.253977224529064
0.053326563366796
0.379614687988057
0.734561600063686
1.68666728492316
0.995663292749462
0.254395314610956
0.054691075436217
0.393472334897175
0.908680988448958
0.16501910700885
0.325245406959633
0.341956494018931
0.435806839676361
0.020266948069192
0.121994645930446
0.083056774076071
0.827825211075639
0.082311200041487
0.809928465198802
0.064046749293997
0.500044747470965
0.164021360340016
0.318270978415514
0.306893444685105
0.253808945490319
0.052778130102666
0.374147151844492
0.679354255322309
0.865997911614261
0.121317722756803
0.079949729608939
0.757202842641864
0.010317356650516
0.063364335451864
0.491476837150432
0.143356542451336
0.190588206141483
0.544347011301865
0.280685669211981
0.146672947227888
0.20922677721541
0.794963101286915
0.048784703891428
0.335970055718833
0.40038470431902
1.02478352741248
0.284424569200751
0.160880365179858
0.296876084680117
0.210645980849681
0.820322185826094
0.074652274226287
0.656122095733399
0.715630657441423
1.24453294550704
0.513293991358787
0.197078498248903
0.618383256569413
0.533142418546338
0.249424939160269
0.038644214792597
0.249858712512998
0.040029686128268
0.260835446785728
0.076066637805563
0.681157529727195
0.87958755153321
0.135221346963155
0.147274718906979
0.212675124706295
0.858991361132764
0.114152885819849
0.048008911112322
0.328864956834526
0.36102024995473
0.566523025195588
0.346890848290608
0.466783312486661
0.086562628737717
0.92208036584668
0.178758229552117
0.431711231921936
0.011858613771635
0.072058816899862
0.613247167398467
0.512089454387003
0.194014598102956
0.582102215714745
0.397504646028778
0.973089632088361
0.231155916589802
1.53944723083166
0.830261718348802
0.084798883764408
0.8723881580582
0.127854455418125
0.110650764444366
0.032986587457753
0.207218338115468
0.761148042801489
0.01433375190185
0.086305548455065
0.914513512346261
0.170998294506889
0.369021386330428
0.632401527717534
0.594578462676246
0.440997803045878
0.031036906808709
0.193267060872761
0.573626193287329
0.36950041460936
0.636616691371581
0.614345680334812
0.516532705986445
0.205377484369661
0.732043514766994
1.59930617754643
0.89675136852626
0.152795263184404
0.245330194455775
0.025701819551332
0.156812912670035
0.270348039261227
0.108951896405095
0.02582972696062
0.15765924353852
0.27576428340751
0.128440500888586
0.113482273210971
0.04510360871075
0.303075194436223
0.236995006769174
8.20738633100889E-05
0.008739907951697
0.054600621141858
0.392542192512196
0.894928188948872
0.150927789221162
0.234070965568416
1.86764450776443
1.21021039124509
0.477237583045915
0.110135192399532
0.030805811928167
0.191636807361559
0.555611141596148
0.313537762193887
0.284233406296323
0.160146217687438
0.291992999857878
0.190654863472621
0.545055797867547
0.282709049028203
0.15432219582036
0.254707013953008
0.055710156549982
0.404068290817421
1.09989506724212
0.362168498043135
0.575493382941952
0.37557034912325
0.693171491361736
0.980155698286465
0.238426840144553
0.004416620035133
0.031245735048567
0.194744428405375
0.590514473547029
0.426511869393739
0.001293828462337
0.014944378656139
0.089876004448885
1.03193421125462
0.291807512288656
0.189908006384592
0.537169135126596
0.260506451142011
0.074957980104834
0.661427640674519
0.746573616615595
3.21085968562148
0.005779396042396
0.038505948843255
0.248775471985427
0.036575053448753
0.233871229226554
1.83625600160746
1.17183792392229
0.437077771750413
0.022892014295435
0.138540071755179
0.164554300250831
0.321985268904333
0.325304998295033
0.342265334633191
0.437696105524201
0.024171908216822
0.146788943979807
0.209889851120978
0.806650440374048
0.060702911272131
0.459370655783586
0.070235467359088
0.585161336087807
0.407906553157264
1.19269464244931
0.458886974252745
0.069180778775947
0.569604449619091
0.356607518418992
0.533373163166184
0.25005547343476
0.040659067992097
0.265897034825907
0.093360539131086
1.18309626280824
0.448844754427369
0.047566279269484
0.324853615856512
0.339930053889714
0.423565678837062
2.16401575263071
1.61368549792242
0.912868973826853
0.169312213364931
0.356315510833006
0.531249375616167
0.244272151020238
0.022396838768671
0.135381236536891
0.14809554513216
0.217412735435356
0.963179805158604
0.220964080583383
1.05901224523485
0.319798960729816
0.314397908780135
0.288287542002194
0.175901358785023
0.407769107117944
1.18904885221969
0.455071478766121
0.060905486439087
0.461744892013541
0.075431320965359
0.669755727160935
0.798866493986607
0.052764551871739
0.374012509649882
0.67806575830641
0.856492287299978
0.111597937019845
0.037013251669338
0.237217655299646
0.000754333701002
0.012173881558701
0.073853752112966
0.642524443504785
0.643208408441743
0.646643267156148
0.664205132494385
0.76347560489597
0.016703603896504
0.100290457702146
1.82899592586246
1.16304191431795
0.427893141548093
0.00408873717701
0.029512457018196
0.18260143320694
0.46572351484126
0.084209187852737
0.856844089517773
0.111957586540244
0.03854916316444
0.249113799034399
0.037652160856032
0.242134358672237
0.015766891936287
0.09472130914621
1.25806777897801
0.527550075415309
