0.004823684185097
0.033566615293466
0.210760515345933
0.764666621123157
0.002109673169299
0.019330140265053
0.116157891124228
0.04741215775018
0.321385969073763
0.296427128136725
0.188064350721993
0.49086706735748
0.120951049208344
0.068529064137014
0.551952722209789
0.276022457223053
0.111412220216703
0.027187001006312
0.166395084863037
0.317739806926947
0.279363445408476
0.123365734796601
0.079447194669582
0.729085556364467
1.24894736430268
0.501409715506513
0.1456638012873
0.190843254754773
0.517671947344506
0.185301475064041
0.465482996833567
0.064230551933607
0.496109387688033
0.133148073265889
0.125792654436248
0.090619998304415
1.01322136987385
0.256451575688431
0.045350778606761
0.303426518269021
0.216606656429067
0.867246128571269
0.106713104771128
0.007781319961918
0.049482446177434
0.34004508522633
0.392261413927545
0.803104254613415
0.041254443740706
0.269409586170569
0.088364492127877
0.941324564739554
0.182554443941405
0.441376665712268
0.013520926195841
0.081661004452701
0.773990754726944
0.011600072537302
0.070692872397851
0.582522087433932
0.367452647167976
0.570059277415855
0.32876262671709
0.332493997010366
0.351599709519425
0.460563700821637
0.053650061280222
0.379696438061417
0.672546987093566
0.746545794149985
1.61040998074025
0.890688714061396
0.13068369618165
0.113779178654595
0.037192842391648
0.237649008542796
1.73272417135801
1.02899274471675
0.272704610267018
0.099749751535859
1.51306116565473
0.78349999483363
0.021282306957652
0.128231932726955
0.102059640227528
1.80801798969232
1.11672801676671
0.363439955730053
0.5402510779888
0.243834886136106
0.00588329969078
0.039219338229382
0.25326611264935
0.035174883686487
0.222525029653263
0.997952754860448
0.240731961995502
2.35509662295134
1.8973949460797
1.22421866143218
0.475475791846519
0.086119556610754
0.878824027281771
0.118548474946673
0.057854254931572
0.422928667852805
1.43219390289451
0.695965690781171
0.902854758215226
0.143134357842934
0.177107195596864
0.396524064875321
0.855941480278713
0.095163124136533
1.20070413733009
0.450874121601426
0.033165390485832
0.207863985043356
0.720588442397697
1.13638255796721
0.38384824944173
0.712239433842963
1.04530111944614
0.28952854281247
0.161127543240291
0.282727899901605
0.135625194438247
0.138115192191758
0.150763114798072
0.219556702638279
0.928155013907367
0.16905073817488
0.336254661972732
0.371499237139929
0.601846209838844
0.432063862268092
2.15034570827295
1.55926681375586
0.834102382376051
0.072866499447888
0.615176106206386
0.480551465712193
0.097450948135513
1.33186091024157
0.588877235234068
0.388036361272736
0.755520524859229
2.0073639134368
1.36302716778168
0.621982788967761
0.50676934892276
0.158515336416528
0.26613707308909
0.077243569211292
0.68803155926
0.844897481246603
0.08388509313411
0.823545211498263
0.06209567491029
0.470453337035719
0.075050034803615
0.650220045345902
0.628887589448882
0.534505734879533
0.228517442303775
1.17829011926935
0.427474488343289
1.66767357103948
0.954866448603705
0.196449899469584
0.576250151818321
0.347717116922002
0.436697632276669
0.003992770392344
0.029171518559299
0.179823076659404
0.418425581912397
1.27502249448636
0.528828486329372
0.213674667234005
0.813215706348113
0.051561721234812
0.359460599600842
0.512189630114429
0.171721196599086
0.355514029476464
0.485681498564517
0.10905690022011
0.017385897152622
0.104380721639774
2.72017103587257
0.00023394981623
0.009686890805975
0.059970270472857
0.446101855586331
0.023242462078403
0.14061820109644
0.16375407340814
0.299914038814926
0.202122945664957
0.643003151935689
0.595317832957108
0.40954445169962
1.06218435563907
0.306964944251508
0.231541996877821
1.30259915811825
0.557912515907153
0.292965416671823
0.174406626136808
0.375580303267109
0.63589337778918
0.563947395593539
0.310529702948583
0.246958041383825
0.015449513558809
0.092886175158993
1.09784824343986
0.343865741487185
0.413964434517679
1.15687818647287
0.405164880718658
0.983155833503083
0.225511865451974
1.07968446583941
0.325060098221637
0.314121189233076
0.262886765526048
0.066374986356538
0.523217737095622
0.199278024226264
0.60846479166972
0.455694411225648
0.043298232395168
0.286116152679088
0.148206672496992
0.204984864494622
0.680226706524912
0.793201840182056
0.031164292059309
0.193638374220125
0.546066168999526
0.25965836416185
0.05574754570091
0.400824989295307
0.915337868265162
0.155917297563835
0.250101693285153
0.025210671274655
0.153333273823684
0.234585770354891
1.47092304674549
0.737736125351442
1.39636320632028
0.657547335279827
0.664988451736159
0.704033456046041
0.968802332969569
0.210760515345933
0.764666621123157
0.002109673169299
0.019330140265053
0.116157891124228
0.04741215775018
0.321385969073763
0.296427128136725
0.188064350721993
0.49086706735748
0.120951049208344
0.068529064137014
0.551952722209789
0.276022457223053
0.111412220216703
0.027187001006312
0.166395084863037
0.317739806926947
0.279363445408476
0.123365734796601
0.079447194669582
0.729085556364467
1.24894736430268
0.501409715506513
0.1456638012873
0.190843254754773
0.517671947344506
0.185301475064041
0.465482996833567
0.064230551933607
0.496109387688033
0.133148073265889
0.125792654436248
0.090619998304415
1.01322136987385
0.256451575688431
0.045350778606761
0.303426518269021
0.216606656429067
0.867246128571269
0.106713104771128
0.007781319961918
