0.004228566457801
0.030695714540723
0.189581266726962
0.462770252136851
0.026593550673493
0.161983888774662
0.262852992592574
0.039003334407793
0.249863817495012
2.98106264172116
0.002669033755369
0.022525063236309
0.135842570616089
0.12079504375827
0.051731863080545
0.356759375980012
0.43406704137573
1.3550763686045
0.585037728069743
0.325925575630658
0.276191791854646
0.082768309178339
0.765530588106806
1.49147687280596
0.730507465371177
1.0209639304889
0.237206405673665
1.24822900957783
0.472719692295366
0.047452593383312
0.318507815559862
0.24349470374451
1.57695088640187
0.823194375049811
0.034832116999906
0.218806525603981
0.803218276709555
0.014486937223316
0.087365117486646
0.865737572352343
0.078213746690282
0.682217138541942
0.697796884135735
0.784016268349637
2.26984932767165
1.68030354717396
0.937298022303462
0.151361328746717
0.20106539750552
0.572588977030073
0.289899558507913
0.130775793267552
0.096688658171687
1.16038161895801
0.381212755797382
0.597807254922453
0.364777182283428
0.482872976329859
0.069228302272465
0.548592043008279
0.224864230881358
0.912278711555051
0.125760293482894
0.073700660589048
0.610914527134759
0.406935623514323
0.844009606352732
0.056048405057102
0.39821214472691
0.747709707454934
1.20236139782799
0.424857208991345
1.12168178276808
0.341102718585016
0.348869221780233
0.389639566136692
0.667112278913619
0.624377897497602
0.453016631686351
0.006577105994182
0.043209957797943
0.282998282947576
0.106190971421744
1.98914948338905
1.29877876117315
0.525703596024812
0.16738178930081
0.296898295721977
0.156644148577522
0.230996898063567
1.05231603263455
0.269477516859888
0.060402874302417
0.443451271443385
1.81104737883363
1.08578629082882
0.3039972868285
0.183937477988623
0.415815410323273
0.963647874051318
0.178357237834934
0.372926839188997
0.537015695528302
0.195290068140236
0.51464394950132
0.140961684873481
0.146134228555205
0.17283913108256
0.333456050510679
0.311199445807085
0.212821971763902
0.7138823478049
0.888462004311662
0.10141704077921
1.41859869254263
0.652454209542784
0.560445279894901
0.256315851245702
0.01848970379977
0.111011336160847
0.010516241229332
0.064795943224375
0.493238631956725
0.092004962660025
0.9914777726256
0.206908823700927
0.638217256592428
0.503825733475476
0.115879047167531
0.030695714540723
0.189581266726962
0.462770252136851
0.026593550673493
0.161983888774662
0.262852992592574
0.039003334407793
0.249863817495012
2.98106264172116
0.002669033755369
0.022525063236309
0.135842570616089
0.12079504375827
0.051731863080545
0.356759375980012
0.43406704137573
1.3550763686045
0.585037728069743
0.325925575630658
0.276191791854646
0.082768309178339
0.765530588106806
1.49147687280596
0.730507465371177
1.0209639304889
0.237206405673665
1.24822900957783
0.472719692295366
0.047452593383312
0.318507815559862
0.24349470374451
1.57695088640187
0.823194375049811
0.034832116999906
0.218806525603981
0.803218276709555
0.014486937223316
0.087365117486646
0.865737572352343
0.078213746690282
0.682217138541942
0.697796884135735
0.784016268349637
2.26984932767165
1.68030354717396
0.937298022303462
0.151361328746717
0.20106539750552
0.572588977030073
0.289899558507913
0.130775793267552
0.096688658171687
1.16038161895801
0.381212755797382
0.597807254922453
0.364777182283428
0.482872976329859
0.069228302272465
0.548592043008279
0.224864230881358
0.912278711555051
0.125760293482894
0.073700660589048
0.610914527134759
0.406935623514323
0.844009606352732
0.056048405057102
0.39821214472691
0.747709707454934
1.20236139782799
0.424857208991345
1.12168178276808
0.341102718585016
0.348869221780233
0.389639566136692
0.667112278913619
0.624377897497602
0.453016631686351
0.006577105994182
0.043209957797943
0.282998282947576
0.106190971421744
1.98914948338905
1.29877876117315
0.525703596024812
0.16738178930081
0.296898295721977
0.156644148577522
0.230996898063567
1.05231603263455
0.269477516859888
0.060402874302417
0.443451271443385
1.81104737883363
1.08578629082882
0.3039972868285
0.183937477988623
0.415815410323273
0.963647874051318
0.178357237834934
0.372926839188997
0.537015695528302
0.195290068140236
0.51464394950132
0.140961684873481
0.146134228555205
0.17283913108256
0.333456050510679
0.311199445807085
0.212821971763902
0.7138823478049
0.888462004311662
0.10141704077921
1.41859869254263
0.652454209542784
0.560445279894901
0.256315851245702
0.01848970379977
0.111011336160847
0.010516241229332
0.064795943224375
0.493238631956725
0.092004962660025
0.9914777726256
0.206908823700927
0.638217256592428
0.503825733475476
0.115879047167531
0.030695714540723
0.189581266726962
0.462770252136851
0.026593550673493
0.161983888774662
0.262852992592574
0.039003334407793
0.249863817495012
2.98106264172116
0.002669033755369
0.022525063236309
0.135842570616089
0.12079504375827
0.051731863080545
0.356759375980012
0.43406704137573
1.3550763686045
0.585037728069743
0.325925575630658
0.276191791854646
0.082768309178339
0.765530588106806
1.49147687280596
0.730507465371177
1.0209639304889
0.237206405673665
1.24822900957783
0.472719692295366
0.047452593383312
0.318507815559862
0.24349470374451
1.57695088640187
0.823194375049811
0.034832116999906
0.218806525603981
0.803218276709555
0.014486937223316
0.087365117486646
0.865737572352343
0.078213746690282
0.682217138541942
0.697796884135735
0.784016268349637
