0.003487709342243
0.026638457938927
0.162533370076458
0.280559291268902
0.114572892708136
0.033914203431711
0.212797551031526
0.758802771199658
1.66991541638837
0.943640482098037
0.17326268164461
0.353390859575795
0.446169412157719
0.010073568263556
0.062211218541026
0.468049953895313
0.055779122098819
0.398646973336387
0.821463420469541
0.048381011105952
0.328503620543667
0.311991203897801
0.236921678887243
1.42157641674084
0.672054717744523
0.699286358841045
0.864466217576285
0.09225764265159
1.03826613818814
0.270517925049603
0.079791518653933
0.723906920851826
1.0715202741933
0.304828611018188
0.206949033004982
0.675852801107371
0.719715927675017
1.03029625153662
0.262305699408621
0.052594707671222
0.36733880554043
0.537427495610776
0.218717285638734
0.858878199756992
0.086551565435198
0.87011921380283
0.098031489589769
1.29743906133643
0.540304144227303
0.226219783264519
1.02245491706348
0.254229895802977
0.026839098551649
0.163861655596013
0.289088495963241
0.145588012363737
0.181467976808199
0.416207426806514
1.08904116852043
0.32293693150363
0.285658836605278
0.132943549333366
0.116982573962413
0.044203522907135
0.29254252255467
0.158570150863358
0.25583435995808
0.031882216365932
0.198306099630058
0.573124420822006
0.317433262938629
0.260679770810354
0.047333268894969
0.319260904932215
0.268864344551554
0.074229075846197
0.628651737710052
0.504173359605615
0.136702476805451
0.13544626887722
0.129213463021098
0.0991945336797
1.37123988811992
0.618380534582598
0.465569580159055
0.050483294155916
0.347533533327235
0.411757490037177
1.00714177084719
0.238469935602594
1.51913291635855
0.777237290563973
0.003334717028255
0.025836722531126
0.157256225204836
0.247864473306567
0.007174043578607
0.04628777989478
0.310190638144265
0.229253504171389
1.10721719940453
0.341745938810099
0.379621198546587
0.63212426817229
0.517753912998279
0.16921138988516
0.324785421174471
0.2942787822492
0.165193580258524
0.297770015908367
0.178717461987675
0.394354210806533
0.772562714185115
2.83565747317113
0.001426364439516
0.01592501941909
0.095713715484533
1.17678598903659
0.413977366943237
1.0463688623834
0.278871261108628
0.108600431871547
0.009105137270555
0.056845245766706
0.409547703515516
0.970844904550706
0.201170038385206
0.605014683867201
0.418447763479646
1.13582263780585
0.371398555209686
0.566989926836335
0.299525079900143
0.185623149092496
0.450947359193509
0.019865484337531
0.119404258659753
0.054715331307342
0.387985313635162
0.707355460227132
0.924191800754906
0.153335621716533
0.224709992617137
0.98504013777603
0.215748408028921
0.806269927760557
0.032897148253814
0.205497831337162
0.657152334144672
0.625203835330632
0.490961889049197
0.106231841569991
3.36975025175365
0.006211365644782
0.041093796753414
0.26721636942188
0.068729557949366
0.549037652109677
0.249448032354032
0.012016236973382
0.073124184012143
0.611651677019907
0.441437966560712
0.000474989972054
0.011043932253832
0.067637080640809
0.534567768554575
0.211328812156912
0.736701138128495
1.22152117888158
0.460646477857597
0.040061626094509
0.259059261984136
0.04212816352176
0.275512683345029
0.096871221264028
1.23337913742357
0.473048992264673
0.066547052834999
0.520516148825572
0.175982421312697
0.37344121450776
0.582473789688472
0.345596669419769
0.400807653327395
0.847891241802233
0.075336484520316
0.646267875072377
0.576220942104281
0.326640966166496
0.303054330954877
0.199735960065882
0.588808109889863
0.365321573609948
0.523294168943249
0.182849091935167
0.427513801459835
1.38744646209726
0.635621781082804
0.531724765144012
0.204050948728311
0.639144638510781
0.546109015555903
0.241581320288249
1.80488669529354
1.09804424429223
0.332250476838019
0.330373438993764
0.321095443704379
0.27718907189484
0.102700454145959
1.70030982533733
0.977890711902478
0.208404579594456
0.695301482450502
0.837147109537398
0.064374301965979
0.493575616838182
0.112175096489856
0.023838149530501
0.144308663736676
0.174620649560322
0.363312677372372
0.509560142671656
0.149446383392049
0.202608359545974
0.621780214155295
0.478099969624631
0.077558898437386
0.68353916197457
0.76334628275391
1.84542284772901
1.14574445560243
0.381698775203008
0.649869018929121
0.592006491147938
0.375492492646958
0.5984670805485
0.396495853907579
0.796398477991142
0.022841935661972
0.137961939162002
0.14176002252485
0.161208703867981
0.272177149178037
0.085418343015961
0.842489495142429
0.069824495794479
0.56395146570971
0.290812441733328
0.152035748755685
0.21723058051152
0.831862794490888
0.058984532817129
0.432111019620165
1.58870170599061
0.853353683514736
0.080911685503725
0.745421590739433
1.35555619905206
0.60172985922333
0.407347916062088
0.93707075782571
0.166529164059319
0.306609390290378
0.214270740636804
0.781957251889088
0.00813863158895
0.051537854651259
0.357335320952787
0.470543047552494
0.061133275310648
0.455772730796081
0.029858687127189
0.184234141868382
0.439089400651519
2.30156469458861
1.76747191600609
1.05460892740809
0.28737064188702
0.139224672853023
0.148156854260044
0.195458933672422
0.543197915853076
0.233839879675035
1.27079391671102
0.512276083800881
0.155945841129202
0.240023138833425
1.64130997798705
0.911645241251154
0.140490694916743
0.154638979595654
0.232306275255855
1.20994557968989
0.448552515938188
0.014944873527156
0.08996716869631
0.963899755038255
0.194041579322345
