0.004182656687878
0.030786355138233
0.189389017215156
0.417901841200376
0.818693884465988
3.00497990531965
0.00151153533844
0.016875932230515
0.101428961154769
1.24705409005626
0.43869673283579
1.10884951189045
0.295523187737281
0.115085167574236
0.009648822113412
0.060239582127978
0.434002565887359
1.02881587672658
0.213182279107884
0.641141246658088
0.443434065143312
1.20364474020793
0.393575460304723
0.600845959987009
0.317410284829869
0.196707055863599
0.477874272740726
0.021051689708124
0.126534111145974
0.057982486476972
0.411152645220223
0.749592982936549
0.979377028504061
0.162491579602735
0.238127848207242
1.04385873398174
0.228631150576376
0.854413819055002
0.034861498745997
0.217768492703164
0.696392133930863
0.662535930263939
0.52027814530813
0.112575144298346
3.57096436656066
0.006582257950319
0.043547584518099
0.283172360583891
0.072833528905867
0.581821721227998
0.264343042746671
0.012733749045575
0.077490566342505
0.648174547134016
0.467797056418334
0.00050335251516
0.011703386185555
0.071675817725905
0.566487813756172
0.223947652336311
0.780690946366866
1.29446050208476
0.488152543991978
0.042453781011076
0.274528176944694
0.044643715268381
0.291964062989122
0.10265558377777
1.30702652159661
0.501295635822115
0.070520702313099
0.551597145428862
0.186490662125974
0.395740090624923
0.617254393363614
0.366232895466896
0.424740630891586
0.898520419909148
0.079834967467988
0.684857743369953
0.610628176509394
0.346145311579837
0.321150274091845
0.21166256927939
0.623966947717985
0.387135610723107
0.554541046343968
0.193767354544645
0.453041453274315
1.47029349551397
0.673575951118425
0.563475049273746
0.216235214016972
0.677309164978185
0.578718210286588
0.256006594532361
1.91265986884889
1.1636105278823
0.352089776666361
0.35010065736797
0.340268655558854
0.293740551846944
0.108832891100449
1.80183851762688
1.03628240246502
0.220848808356811
0.736819239513499
0.887134735332858
0.068218212409983
0.52304794369111
0.11887328212894
0.025261570199117
0.152925605012264
0.185047576425308
0.385006759519143
0.539986935575746
0.158370107555195
0.214706485125853
0.658907878239796
0.506648216524298
0.082190085893003
0.724354568796207
0.80892712260862
1.95561651105976
1.21415900837503
0.404490725774248
0.688673918288138
0.627356310326481
0.397913854433434
0.634202673650996
0.420171365832282
0.843952926484541
0.024205870529937
0.146199905596189
0.150224779648175
0.170834778272486
0.288429357813989
0.090518832664799
0.892796124813596
0.073993847545642
0.597626066641291
0.308177398678664
0.161114088786665
0.230201826360939
0.881534883912728
0.062506610025055
0.457913179963051
1.68356606791089
0.904309034272961
0.085743074170497
0.789932113577324
1.436499004983
0.637660278966918
0.431671424994615
0.993025012283979
0.176472933131911
0.324917612695493
0.227065248889705
0.828649387656095
0.008624604562781
0.054615276723506
0.378672483924249
0.498640056445838
0.064783657967488
0.482987776342137
0.031641605400278
0.195235108410037
0.465308253228875
2.43899544407864
1.87301098283762
1.11758160666988
0.304530082500973
0.147538039486897
0.157003578217409
0.207130153609137
0.575633283354425
0.24780289796427
1.34667540760788
0.542865050649434
0.165257660117662
0.25435537113712
1.73931567860914
0.966081290374057
0.148879658105211
0.163872763428093
0.24617771914562
1.2821937021302
0.475336428897907
0.015837259986985
0.095339277267709
1.02145601929605
0.205628166369495
0.56047980096286
0.208636532630583
0.591246031440129
0.290193678916042
0.096551469022927
1.05935407521683
0.244557650960622
1.22489233948081
0.415642270655857
0.794615611817389
1.52554438278675
0.732630750927932
0.859725013087957
0.040273116344504
0.25766312733672
2.17582765646376
1.48806012709568
0.692518572386987
0.644645894583604
0.455471558055042
1.56597148836938
0.776131790433151
1.23585405638587
0.427040551042966
0.928136691743138
0.110077290880077
2.00248346622401
1.2702122026167
0.462831415485572
2.05404458833669
1.33311722359432
0.528632619064511
0.131705359165108
0.081011180897367
0.70422774137569
0.700295040917596
0.681069628815249
0.594426172762118
0.299107071813132
0.127822064962491
0.06364387595771
0.47029794122401
0.005564112839723
0.03810164312635
0.241332718625298
1.12646426220387
0.313697250679663
0.182173475479951
0.364188522711608
0.413392567263048
0.771612627610508
1.18323885460463
0.372415144753994
0.460366428685888
1.83619666385772
1.07532996800151
0.260992258522729
0.002521694992051
0.022100939069353
0.133006322629893
0.086932869753097
0.813787359205283
2.2495505291519
1.58744048053707
0.79934207853124
1.63326455830414
0.849156821824904
0.029506135987121
0.180742415508988
0.354086605748741
0.360123955211857
0.391419887041634
0.584944041441428
0.272816609728285
0.039186235649639
0.249433219762435
1.42039828029601
0.620599737964519
0.376578248283139
0.485563688000042
0.03701932916046
0.233357617290227
0.940476952593058
0.122689457047125
0.0413622948861
0.266026643128305
0.017916702803236
0.107591489877412
1.65780163651198
0.87599524711538
0.056857636121186
0.400096829133044
0.65172753541151
0.480424680218116
0.026319437630945
0.159740271283796
0.22239590038517
0.758288231681182
1.05154814924106
0.236532858517498
1.00704441500183
0.190844332471854
0.429350784772114
0.959559921545736
0.142206232431961
0.130407672689851
0.075156785417075
0.613930631781315
